General	8263.093495962645	7541.623448642808	8304.87513740332	8445.298612811728	8852.9701144071	8702.01759422632	8718.448065808892	8652.684688615329	8688.48966147995
increase_offering_0.1	2895.673364700264	2126.504674408026	2950.4124186795243	2954.3170296835624	2760.6147788428075	2786.1514150912403	2782.7914200066834	3004.874293623187	2754.1533468563603
increase_offering_1	16036.98649416884	15484.772935368086	15853.995760409829	15948.237449306702	15669.745077688622	15619.282722185744	15598.887183772149	15525.302330139084	15673.444838492023
Perish2	8263.093495962645	7466.384385137808	8580.342339547416	8735.377613187102	9020.400841661143	8955.341802480423	8965.649061438247	8915.175174155804	8902.985146842884
Perish0	8263.093495962645	7995.120338461866	9337.392201602526	9424.944770342101	9639.885212810486	9573.413554593963	9586.069301337795	9500.723063375404	9540.014946275052
Perish0.2	8263.093495962645	7075.321961775937	8024.022322456275	8242.647872586795	8652.291520575867	8488.963630961669	8495.621742450225	8491.858662769218	8527.37702353697
increase_route2	2590.1680789859925	1746.795074217335	2989.7858465250506	3420.0642985128243	3700.494870034781	3561.0078525714644	3632.2571206728626	3332.9453846732777	3463.285380653985
increase_route1.5	5307.994451477455	4560.507010648037	5448.8876416678795	5666.001828676669	6111.264521944531	6012.503016406906	6117.129927955063	5796.359148394854	5948.460123910391
increase_route1.2	7027.907269295983	6284.245878642808	7096.401501548508	7263.180962568642	7702.643399654215	7590.996587337666	7665.224541691039	7499.222474735327	7486.403632363985
revenue_dist0.5	25690.8365815387	24914.64454589735	25813.761809537205	25930.16622884499	26382.39893120223	26282.44365483579	26359.179957685035	26286.534992383567	26144.207392000113
revenue_dist0.2	11711.843331666403	10927.721375402663	11712.466567407255	11881.957108721992	12409.696465433248	12257.450931945412	12391.572686713715	12206.05195349045	12149.761812928416
std_price0	7709.069376944363	6904.961627589937	7677.289252884641	7808.918120459831	8065.592519127082	8031.299220650357	8068.302915316183	8025.411740440506	7736.628217369045
std_price0.2	10219.31995212934	9518.651231845075	10444.098327326888	10571.286287182445	10761.89997665609	10763.093667240088	10776.346076361044	10477.203505721865	10746.790726397676
std_quiantity0	8391.022799416258	7678.475953719503	8497.624965548915	8506.061783865578	8882.220169461303	8755.173379428019	8810.034734415549	8742.402619608674	8672.435124443557
std_quiantity0.2	8140.214071683835	7421.627050487048	8210.610937739013	8332.83870032503	8663.550964041928	8583.712679467397	8578.498278420517	8524.641377075493	8576.42341158329
std_demand0	8277.979005691137	7543.54166900499	8303.590576158165	8454.855318524418	8846.001088689547	8683.592709089853	8712.072194554228	8652.540040638021	8682.754855568364
std_demand0.2	8261.253697638234	7544.173872465692	8278.106290290534	8418.929410436074	8832.690693508444	8702.152828496242	8731.192822073854	8657.553787441342	8669.344196873242
correlated_pricesTrue0	5012.658371669879	4296.266421585645	4987.790016531369	5078.389758850156	5246.389365484783	5567.846366496885	5505.610554126138	5572.080745957822	5127.697274594504
correlated_pricesTrue0.2	8509.945485967999	7825.033075680522	8665.026135569864	8667.831766987041	8878.59228082179	8859.854558628005	8869.469741061195	8767.688955492877	8771.821343464726
correlated_pricesTrue0.1	6064.567174170551	5358.939914596616	6017.822865938911	6139.5661806727585	6042.968894539114	6299.8808724307155	6293.188718939609	6222.198972413351	6156.551701017836
General	8263.093495962645	8487.841795797394	8304.87513740332	8453.505919345056	8813.085127904398	8696.591159998527	8722.091613594383	8646.377264602756	8647.561100406076	7995.281024605948360.9435106353748468.2605958232278769.153913700533

General	8263.093495962645	8487.841795797394	8304.87513740332	8453.505919345056	8813.085127904398	8696.591159998527	8722.091613594383	8646.377264602756	8647.561100406076	7995.28102460594	8360.943510635374	8468.260595823227	8769.153913700533
increase_offering_0.5	9875.3306225397	9790.728784398194	9758.530041281727	9818.09633979617	9797.261171640179	9755.147074547005	9736.428398557277	10297.31406777817	9954.67256903442	9057.607764963406	9259.298675994696	10028.92538718373	10179.87864502371
increase_offering_0.1	2895.673364700264	3095.3182393318248	2950.4124186795243	2991.7366974536994	2809.813807670614	2826.870515697895	2826.374763934886	3005.750078115944	2777.907802173332	2229.6332903755297	2738.714374243804	2901.706857894904	2967.3868623356875
increase_offering_1	16036.98649416884	15932.216292456467	15853.995760409829	15951.65829875542	15659.644948749921	15615.538563070866	15610.714522967699	15517.948119519495	15702.783714362611	14637.873037645926	15050.237634078143	15851.378884747664	15686.579483676831
Perish2	8263.093495962645	8575.406579740387	8580.342339547416	8722.4716121842	9012.472796403068	8989.929726557828	8957.398481897251	8925.672249192816	8907.330370416803	8279.508583720204	8619.798017067556	8733.8823691677	9016.004231834664
Perish0	8263.093495962645	9044.504845839145	9337.392201602526	9410.636691608075	9644.051806184843	9558.432315298425	9572.87905541869	9526.91013595221	9543.538353510154	9128.404881495922	9384.747102694111	9421.440534601503	9610.967565532359
Perish0.2	8263.093495962645	8309.923658641612	8024.022322456275	8240.203441723635	8647.176600880224	8522.611514184357	8513.137211288033	8484.488145794503	8540.284856876955	7779.3887770444135	8163.296158282591	8251.663168359224	8608.899471779638
increase_route0.5	12053.187693518528	12166.416626703476	12128.777392575264	12189.281520902663	12289.946772385405	12290.420495117	12287.600524384083	12208.189322408658	12248.004132698039	11818.697348236754	12151.443251019784	12139.275375648878	12286.499007484226
increase_route2	2590.1680789859925	3048.595528507359	2989.7858465250506	3444.439655128305	3649.0554554199052	3583.543587788996	3644.682370049026	3344.367141401284	3470.1188115171685	2763.2632842625376	3224.489682213946	3252.987336461052	3401.142789173823
increase_route1.5	5307.994451477455	5643.202624012841	5448.8876416678795	5666.630384966857	6140.7179727280145	6046.300575065355	6124.212954698495	5765.341875870945	5889.025121116246	5019.589300005251	5589.938414267027	5706.506681818439	5988.0493927055
increase_route1.2	7027.907269295983	7287.609005797395	7096.401501548508	7284.116441991602	7724.072236749553	7574.29256743864	7639.789709837611	7525.144215977325	7513.896520248708	6730.166442414255	7145.28880536747	7317.597448686128	7652.161672897676
revenue_dist0.5	26992.245647804528	27186.707577396173	27107.819197165263	27131.994344683662	27516.50964856885	27438.973553276355	27490.51449122056	27437.56024851646	27331.257166983734	26915.73840101754	27135.204445999356	27172.274482182762	27511.66218514459
revenue_dist0.2	12956.92362499974	13153.081058905227	12914.139137360255	13092.410751327894	13498.075239367947	13352.789994240602	13365.653922716363	13362.427957529108	13340.830279227912	12751.329829383665	13017.983770173505	13160.32359480108	13449.837200963637
std_price0	7709.069376944363	7892.001022648102	7677.289252884641	7778.643083832602	8055.802658376722	8018.3453779149195	8062.077584310957	8022.990568397478	7736.111173390974	7097.851489089654	7756.09424514047	7724.722646334262	8045.557451193934
std_price0.2	10219.31995212934	10513.443866880338	10444.098327326888	10546.642014336781	10792.021731270335	10772.291172053287	10740.470055765665	10516.036974422948	10721.040192214943	10097.331549029133	10423.539056554677	10513.066141511608	10718.57577793116
std_quiantity0	8391.022799416258	8493.66887326754	8497.624965548915	8523.545466231168	8864.55067387316	8784.084279702296	8821.06487055548	8728.647596943234	8692.635913522692	8263.019920116878	8485.621311679684	8510.279134004491	8846.184632511744
std_quiantity0.2	8140.214071683835	8340.948517005801	8210.610937739013	8309.738176933923	8669.48458865026	8584.734953331816	8570.454963070206	8530.09491582311	8566.4732112534	7851.222366338554	8252.81158365613	8368.276644793226	8623.944463574206
std_demand0	8277.979005691137	8453.349597452941	8303.590576158165	8466.28221964022	8801.77722068094	8680.14650407548	8704.807431452758	8664.015662333913	8688.156213619977	8038.236457689147	8363.558578352855	8472.934063204999	8762.505784707671
std_demand0.2	8261.253697638234	8475.120458185982	8278.106290290534	8450.601509538934	8828.643652831006	8699.659929864256	8717.597209945547	8671.486618306748	8701.131079765302	8027.144619955945	8350.186520288295	8473.707972590304	8771.61637865155
correlated_pricesTrue0	5012.658371669879	5148.598044455085	4987.790016531369	5052.424197993107	5210.60214649895	5513.277154897706	5537.477703684988	5564.814798437088	5066.1165868833605	4919.650570119365	5171.436029244646	4978.703938019705	5601.303808156512
correlated_pricesTrue0.2	8509.945485967999	8643.909113393769	8665.026135569864	8704.781583937727	8818.14368180247	8860.79743832378	8869.698398631856	8806.27920748685	8827.364000406369	7830.227068497154	8626.975354842816	8463.26672306698	8953.894841296977
correlated_pricesTrue0.1	6064.567174170551	6174.081254092191	6017.822865938911	6127.1205394781055	5982.018107135304	6312.648101008889	6318.558308876474	6179.378821288667	6220.960623978977	5429.340858387609	6133.714858589322	5741.563713490071	6375.032656166542
std_quiantityTrue0	6851.391973805317	7065.914875375314	7103.320415701734	7245.04123861597	7463.181698340463	7376.219916214581	7388.101621344695	7398.393250508826	7353.679840606679	6314.45909640726	7196.750295680991	7182.696397553753	7469.400376935381
std_quiantityTrue0.2	6723.705247312974	7030.154802050749	6823.849821093752	6971.852934721759	7207.922141115711	7198.1843974722415	7191.256828612096	7095.485910933696	7121.876794308653	6202.478438184935	6947.7999883081975	6927.545164992445	7217.820352940116
std_quiantityTrue0.1	6887.308518282034	7097.267392995393	6930.076583050094	7105.057802195274	7392.725094111907	7339.19814714545	7361.118672557643	7263.327992150412	7240.6687719274005	6237.155621595712	7082.83721113721	7014.518961062516	7344.264301333853
cap_vehicle_40	7866.235842516833	8063.6016771338	7834.306220736654	7980.269779478395	8321.906036260823	8287.14846040356	8320.741495980697	8180.558138615329	8178.947497192611	7606.992340114664	7974.023950007249	8008.8394021638605	8265.824351510271
cap_vehicle_80	8282.029195962645	8503.766895797395	8313.79997073665	8452.21226281173	8961.041721657348	8811.448124850027	8783.069155425383	8685.733205281997	8736.0982428085	8036.564223447997	8373.422150007249	8496.654852163862	8820.678646290235
cap_vehicle_100	8282.029195962645	8503.766895797395	8313.79997073665	8452.21226281173	8961.041721657348	8811.448124850027	8783.069155425383	8685.733205281997	8736.0982428085	8036.564223447997	8373.422150007249	8496.654852163862	8820.678646290235

General	8263.093495962645	8487.841795797394	8304.87513740332	8453.505919345056	8813.085127904398	8696.591159998527	8722.091613594383	8646.377264602756	8647.561100406076	7995.28102460594	8360.943510635374	8468.260595823227	8769.153913700533

General_SP	8278.98928832596	8441.770183037306	8275.916601725647	8422.771410921168	8720.529270577552	8642.563703562028	8664.047949334681	8578.525868314578	8615.368297141606	7997.979488014237	8355.815483361284	8434.381914579186	8674.674641872005
General_SPLIT	8233.368504992626	8403.503183037306	8230.108718392315	8387.743894254501	8740.94821850648	8656.386756424805	8652.529792635427	8574.301051647912	8562.188184067829	7964.31872134757	8314.079133361285	8413.858881245853	8697.723224462641
General_LKH	8016.409149104304	8277.846488676338	8089.712598878815	8267.274976030523	8395.215701411036	8277.19005437968	8244.483015607371	8389.487293506589	8316.943402938787	7563.587922140209	8091.940828710876	8203.51285330911	8425.277828310227General_SPLIT	8233.368504992626	8403.503183037306	8230.108718392315	8389.039231701632	8733.917606657018	8631.348052412237	8658.971701384567	8597.246893506588	8623.405513166748	7947.490055473544	8319.879628710876	8418.89160330911	8697.68245048836
General_SPLIT	7966.624217440405	8136.044567370781	7998.601787963528	8071.629832435573	8344.10480916723	8222.074805240238	8239.315431426787	8179.6398908599895	8206.578892089192	7810.023387979437	8001.728970314157	0	0
General_SPLIT	8233.368504992626	8403.503183037306	8230.108718392315	8389.039231701632	8733.917606657018	8631.348052412237	8658.971701384567	8597.246893506588	8623.405513166748	7947.490055473544	8319.879628710876	0	0
General_LogNormLogNorm	8155.400395380477	8370.363547013885	8163.830198595503	8334.281572470605	8717.064886785076	8589.673992118484	8636.6733611615	8535.617312494143	8592.617259430774	7936.640279385998	8272.481044878761	0	0
General_NormLogNorm	8183.171434353313	8372.156895024385	8163.830198595503	8359.484459279027	8698.641286706252	8601.118159801792	8618.984243806479	8563.540374755983	8553.02900200619	7902.335109090681	8304.786501454006	0	0
General_NormNorm	8233.368504992626	8403.503183037306	8230.108718392315	8387.743894254501	8740.94821850648	8656.386756424805	8652.529792635427	8574.301051647912	8562.188184067829	7964.31872134757	8314.079133361285	0	0
General_LogNormNorm	8205.188176009313	8397.478277050855	8230.108718392315	8403.694852401693	8734.316126024156	8609.020034385121	8677.904235479673	8575.921903420907	8634.507887711941	7941.97381121078	8340.141136684953	0	0
General_NormxNorm	8233.368504992626	8403.503183037306	8230.108718392315	8369.846033634207	8709.352112335397	8552.657411069169	8684.046147370096	8615.482475983303	8564.253252235521	7962.383638011389	8306.225565902987	0	0
General_NormxNorm	0.09471538861592611	0.13494548797607422	0.27907822926839193	3.1018873612085978	2.9669795592625934	3.077459454536438	3.0777520338694253	3.2776727120081586	3.175455371538798	2.6047592322031656	2.736537710825602	0	0

General_NormxNorm	8233.368504992626	8403.503183037306	8230.108718392315	8387.743894254501	8740.94821850648	8656.386756424805	8652.529792635427	8574.301051647912	8562.188184067829	7964.31872134757	8314.079133361285	0	0
timeGeneral_NormxNorm	0.11310676733652751	0.1656696081161499	0.267834726969401	2.759489568074544	2.7357970237731934	2.8209861755371093	2.8306936661402387	3.0256423234939573	2.9072068691253663	2.3996516863505044	2.4835540850957236	0	0
General_LogNormxLogNorm	8155.400395380477	8370.363547013885	8163.830198595503	8334.281572470605	8717.064886785076	8589.673992118484	8636.6733611615	8535.617312494143	8592.617259430774	7936.640279385998	8272.481044878761	0	0
timeGeneral_LogNormxLogNorm	0.11961342493693033	0.17019460201263428	0.27037230332692463	2.744571264584859	2.6427316904067992	2.8403374671936037	2.7724491437276204	3.0211849053700766	2.8631895780563354	2.3836822350819906	2.4916651884714764	0	0
General_TriangxTriang	8864.837232532253	9065.098525328931	8995.165031555063	9001.01396919679	9156.318699019002	9037.306393942448	9023.592500517223	9131.47787693026	9101.501082578357	8645.949520765565	8983.313604746041	0	0
timeGeneral_TriangxTriang	0.12108573118845621	0.19503095944722493	0.23142104148864745	2.819416149457296	2.811787247657776	3.4924824237823486	3.190941580136617	3.2339065869649253	3.0309016068776446	2.635003352165222	2.6475066184997558	0	0
General_UniformxUniform	8848.719670581107	9044.38508446082	8931.231280780597	8975.920509756805	9147.489922157476	9018.839463800514	8999.724427060892	9118.629805694793	9148.23360891858	8619.87528058667	8955.794130508699	0	0
timeGeneral_UniformxUniform	0.13677359422047933	0.20590651035308838	0.28637447357177737	3.298293876647949	3.344446619351705	3.4510650475819906	3.4752368927001953	3.496152146657308	3.3669305562973024	2.9896788120269777	2.8903392950693765	0	0
General_NormxLogNorm	8183.171434353313	8372.156895024385	8163.830198595503	8387.501747910404	8684.363614326263	8590.505004353883	8621.504667136158	8551.481478810801	8569.593054103705	7919.944564638561	8268.21399726327	0	0
timeGeneral_NormxLogNorm	0.13853341738382977	0.2125252405802409	0.27525577545166013	3.023376727104187	2.9376746813456216	2.9595687786738076	2.997364870707194	3.217763368288676	3.004292877515157	2.4299397150675457	2.6651145617167153	0	0
General_NormxTriang	8864.837232532253	9065.098525328931	8938.855156803209	9022.214011473117	9094.966769692044	8947.075660397562	8961.962875162228	9116.259737099743	9060.340179231263	8643.347888797969	8998.222914476622	0	0
timeGeneral_NormxTriang	0.11949397722880045	0.1792771339416504	0.27412377993265785	2.7428966601689657	2.7586282094319663	3.431060870488485	3.3625100533167522	3.445026890436808	3.272441291809082	2.5752170642217	2.668887249628703	0	0
General_NormxUniform	8835.475007754121	9030.846787111708	8926.927172251415	8990.91020963055	9084.329645291438	8921.931738641648	8948.402678349412	9111.25232272365	9032.98462668187	8635.972712469977	8984.46403921771	0	0
timeGeneral_NormxUniform	0.13581604957580568	0.17868998845418294	0.29192091623942057	3.2149495283762612	3.0961421807607015	3.257335646947225	3.0499576965967816	3.321812860171	3.198170272509257	2.6220690488815306	2.664774696032206	0	0
General_LogNormxNorm	8205.188176009313	8397.478277050855	8230.108718392315	8392.924012711064	8725.987593319498	8662.240534872604	8653.895435594597	8601.213217214849	8626.858851840161	7945.86064548977	8305.888597200279	0	0
timeGeneral_LogNormxNorm	0.13400115966796874	0.18652935028076173	0.3039909283320109	2.9842081387837727	2.9165383179982505	3.0413659969965616	3.0077826499938967	3.2885584274927777	3.2202695926030476	2.6412240743637083	2.7640956083933514	0	0
General_LogNormxTriang	8849.979014814493	9081.88697399854	8938.855156803209	9038.580457372776	9089.048536471832	8943.500707934521	8979.753934380478	9109.667856686685	9104.501707564927	8635.509550571782	8989.323830084055	0	0
timeGeneral_LogNormxTriang	0.1615813096364339	0.194877552986145	0.2897454341252645	2.9626205523808795	2.9762240171432497	3.1584970633188885	3.186116902033488	3.3545819520950317	3.154219563802083	2.6194511890411376	3.176245109240214	0	0
General_LogNormxUniform	8848.719670581107	9044.38508446082	8926.927172251415	9055.066325929303	9058.04972916087	8938.8732722873	8994.218780118286	9102.655735363694	9094.659770116348	8617.188366845237	8962.245636243826	0	0
timeGeneral_LogNormxUniform	0.13919244607289633	0.19358786741892497	0.3083173831303914	4.293329151471456	4.942392587661743	3.4025423924128213	3.287251623471578	3.5886087814966836	3.5114630858103433	2.782385555903117	2.966036009788513	0	0
General_TriangxNorm	8233.368504992626	8403.503183037306	8214.605934495172	8335.353378583408	8677.66994408749	8601.905590062705	8590.619829354702	8540.626021552747	8571.226327562052	7872.575694009046	8301.340299618234	0	0
timeGeneral_TriangxNorm	0.13683023452758789	0.20099345842997232	0.24739876588185628	3.0049562215805055	3.187052838007609	3.158983254432678	3.227220662434896	3.3787607749303183	3.2402626911799115	2.8315050919850666	3.037077871958415	0	0
General_TriangxLogNorm	8183.171434353313	8372.156895024385	8181.484502102344	8312.995913116534	8626.277823743094	8555.620538867955	8575.419467009993	8503.295238295152	8512.654442868201	7864.724731034989	8264.95458529678	0	0
timeGeneral_TriangxLogNorm	0.13144025802612305	0.1937236229578654	0.24962412516276042	3.132777714729309	2.845019729932149	3.13610254128774	3.2437772035598753	3.3743006070454915	3.0178797483444213	2.9074848969777425	2.97447718779246	0	0
General_TriangxUniform	8835.475007754121	9030.846787111708	8946.504612707251	9001.87611041678	9152.13434771389	9009.713742661503	8964.35816776107	9099.763718068187	9070.162452261267	8580.822684264616	8988.053482366531	0	0
timeGeneral_TriangxUniform	0.1349098285039266	0.19770668347676595	0.2531614144643148	3.0473333915074665	3.1298906326293947	3.269649283091227	3.316115474700928	3.4886335849761965	3.117870648701986	2.6964611927668254	2.790292263031006	0	0
General_UniformxNorm	8205.188176009313	8397.478277050855	8212.037246597183	8322.353705615758	8675.001446206605	8646.131074653114	8628.011482990816	8537.122039012473	8596.60784932855	7871.358358331106	8284.77378764352	0	0
timeGeneral_UniformxNorm	0.12920531431833904	0.20796367327372234	0.27687251567840576	3.0503684918085736	3.148445955912272	3.256167737642924	3.2644634803136188	3.315516797701518	3.1678858518600466	2.8372282425562543	2.8713563442230225	0	0
General_UniformxLogNorm	8155.400395380477	8370.363547013885	8176.453221495437	8319.561116526565	8622.33580790685	8575.496820433898	8575.404164961972	8524.411321356032	8572.201528141204	7837.655549121283	8229.937167964179	0	0
timeGeneral_UniformxLogNorm	0.13207939465840657	0.18351113001505534	0.26862053871154784	2.904524310429891	3.3645265340805053	3.377687374750773	3.536374847094218	6.424697335561117	5.19927031993866	2.4892170349756877	2.601943254470825	0	0
General_UniformxTriang	8849.979014814493	9081.88697399854	8966.795474577963	8981.293657507544	9149.847344204136	9039.859807693301	9042.48877223203	9124.601496941232	9164.294885190173	8637.637089861535	8991.905300520362	0	0
timeGeneral_UniformxTriang	0.12560222148895264	0.17267108758290609	0.2381463925043742	2.8350930134455363	2.879813472429911	3.073775053024292	3.0112832466761272	3.069402893384298	2.895270522435506	2.583251682917277	2.621523928642273	0	0

RoutesSize0.7_NormxNorm	7354.651549104306	7619.310555343005	7426.268282212148	7571.462406993482	8040.919217517335	8020.098155623797	8028.7686747829985	7897.81766831458	7911.167479606304	6642.582038014238	7244.171616694616	0	0
timeRoutesSize0.7_NormxNorm	0.11850475470225016	0.17825949986775716	0.24415570100148518	2.8735905726750692	2.753815015157064	2.798700539271037	2.8051973740259806	3.0475213607152303	3.034069283803304	2.4064471324284873	2.5030331214269004	0	0
RoutesSize1_NormxNorm	8233.368504992626	8403.503183037306	8230.108718392315	8387.743894254501	8740.94821850648	8656.386756424805	8652.529792635427	8574.301051647912	8562.188184067829	7964.31872134757	8314.079133361285	0	0
timeRoutesSize1_NormxNorm	0.11417402426401774	0.16695129871368408	0.26811910470326744	2.726848109563192	2.7064374526341757	2.802245839436849	2.786366669336955	3.0481123447418215	2.9206738551457723	2.4154406547546388	2.491075809796651	0	0
RoutesSize2_NormxNorm	8971.318029515627	9008.889746647146	8922.151438683828	8975.26168967347	8946.186601637168	9231.228162724865	9249.101429937366	8855.342651647912	9201.440512595258	8446.711988014236	8839.552733361286	0	0
timeRoutesSize2_NormxNorm	0.10829977194468181	0.1503511428833008	0.23652448654174804	2.277509093284607	2.8005242268244426	2.8760211944580076	2.8695549964904785	3.1176255385080975	2.7472508907318116	2.410099148750305	2.5351616938908896	0	0
RoutesSize4_NormxNorm	8984.119896182292	9021.396729980479	8933.858305350495	8995.959723006801	8946.186601637168	9224.34756850135	9220.83456205833	8855.342651647912	9219.350522086197	8446.711988014236	8839.552733361286	0	0
timeRoutesSize4_NormxNorm	0.17920114199320475	0.1789126952489217	0.2596391995747884	2.5622556765874225	3.0210031350453694	3.0139012416203816	3.2206679344177247	3.394423731168111	2.9700958172480267	2.553587571779887	2.6917574803034463	0	0

RouteComplexity_2_0	-521956.2	0.01	0.0	0	-521956.2	0.44	0.0	0	0	0	0	0	0
RouteComplexity_2_1	-521956.2	0.02	0.0	0	-521956.2	1.07	0.0	0	0	0	0	0	0
RouteComplexity_2_2	-521956.2	0.02	0.0	0	-521956.2	1.59	0.0	0	0	0	0	0	0
RouteComplexity_2_3	-521956.2	0.02	0.0	0	-521956.2	2.14	0.0	0	0	0	0	0	0
RouteComplexity_5_0	-171849.6	0.02	0.0	0	-171849.6	1.51	0.0	0	0	0	0	0	0
RouteComplexity_5_1	-171886.07	0.03	0.0	0	-171890.81	3.02	0.0	0	0	0	0	0	0
RouteComplexity_5_2	-171897.04	0.04	0.0	0	-171896.38	4.44	0.0	0	0	0	0	0	0
RouteComplexity_5_3	-171903.87	0.04	0.0	0	-171892.7	5.71	0.0	0	0	0	0	0	0
RouteComplexity_10_0	-38808.09	0.04	0.0	0	-38843.33	3.88	0.01	0	0	0	0	0	0
RouteComplexity_10_1	-38867.73	0.05	0.01	0	-38939.67	18.97	0.02	0	0	0	0	0	0
RouteComplexity_10_2	-38892.64	0.05	0.01	0	-39158.27	61.94	0.02	0	0	0	0	0	0
RouteComplexity_10_3	-38898.49	0.07	0.01	0	-39003.64	105.11	0.02	0	0	0	0	0	0
RouteComplexity_20_0	456.93	0.06	0.03	0	470.32	65.09	0.03	0	0	0	0	0	0
RouteComplexity_20_1	212.28	0.08	0.04	0	607.0	3615.2	0.14	0	0	0	0	0	0
RouteComplexity_20_2	478.38	0.16	0.03	0	34.42	3626.44	0.25	0	0	0	0	0	0
RouteComplexity_20_3	308.71	0.18	0.05	0	176.3	3631.23	0.37	0	0	0	0	0	0


General_NormxNorm	8233.37	8403.5	8230.11	8384.46	8737.3	8661.25	8656.45	8559.85	8569.58	7967.83	8329.53	8595.35	8461.22	8460.5
timeGeneral_NormxNorm	0.07	0.11	0.18	2.88	2.88	2.99	3.33	3.08	2.97	2.67	3.36	0.15	0.15	0.14
General_NormxNorm	8233.37	8403.5	8230.11	8356.56	8728.17	8629.98	8652.55	8592.86	8553.81	7957.08	8351.01	8595.35	8461.22	8460.5	6492.81
timeGeneral_NormxNorm	0.16	0.22	0.33	3.42	3.4	3.47	3.28	3.39	3.62	2.86	2.96	0.15	0.16	0.16	26.12
General_NormxNorm	8233.37	8403.5	8230.11	8419.67	8745.46	8653.63	8647.33	8606.58	8594.01	7935.24	8340.73	8595.35	8461.22	8460.5	5547.34
timeGeneral_NormxNorm	0.14	0.18	0.29	2.81	2.76	2.89	2.89	3.14	3.0	2.42	2.53	0.13	0.15	0.13	25.15
General_NormxNorm	8233.37	8403.5	8230.11	8420.93	8752.87	8664.19	8633.89	8565.11	8561.91	7950.02	8353.41	8595.35	8461.22	8460.5	6489.31
timeGeneral_NormxNorm	0.14	0.19	0.31	2.83	2.74	2.9	2.89	3.21	3.03	2.46	2.58	0.13	0.13	0.13	25.41
General_NormxNorm	8233.37	8403.5	8230.11	8416.1	8725.49	8662.33	8629.92	8561.54	8598.88	7962.59	8326.01	8595.35	8461.22	8460.5	6508.42
timeGeneral_NormxNorm	0.15	0.21	0.33	3.02	2.91	3.14	3.12	3.37	3.24	2.55	2.69	0.17	0.15	0.15	25.54


GeneralTrueFalse2_NormxNorm	1432.38	2322.2	2173.76	2676.91	2548.38	2558.31	2535.64	2268.8	2515.04	2101.0	2229.9	1413.87	1359.27	1362.94	737.66
timeGeneralTrueFalse2_NormxNorm	0.18	0.19	0.32	3.59	5.67	6.14	5.94	4.45	5.29	2.9	3.43	0.19	0.19	0.19	25.7
GeneralFalseTrue2_NormxNorm	7651.79	7869.18	7712.99	7834.93	8082.33	7941.6	7972.3	7812.78	7985.14	6780.46	7801.78	7832.23	7727.63	7729.42	6153.09
timeGeneralFalseTrue2_NormxNorm	0.18	0.25	0.35	3.59	3.5	3.93	3.83	4.13	3.88	3.83	3.29	0.17	0.16	0.17	25.92
GeneralTrueTrue2_NormxNorm	911.07	2915.93	2046.76	2592.89	2494.32	2465.98	2437.02	2425.26	2534.27	1744.69	2285.38	914.64	862.75	862.09	973.6
timeGeneralTrueTrue2_NormxNorm	0.23	0.23	0.37	3.47	4.7	5.17	5.69	2.63	4.68	3.15	3.23	0.19	0.18	0.19	26.07
GeneralTrueFalse3_NormxNorm	3801.88	4269.51	4271.75	4398.55	4455.3	4396.63	4390.82	4203.91	4389.84	3944.12	4089.73	3808.31	3771.55	3764.3	2396.18
timeGeneralTrueFalse3_NormxNorm	0.24	0.23	0.41	3.99	5.06	4.56	4.69	2.42	4.46	2.96	3.03	0.18	0.18	0.2	25.83
GeneralFalseTrue3_NormxNorm	7873.79	8107.67	7899.1	8072.01	8175.98	8148.48	8163.91	7950.86	8206.35	7314.66	8024.2	8005.45	7898.27	7885.21	6442.65
timeGeneralFalseTrue3_NormxNorm	0.18	0.24	0.35	3.16	3.45	3.56	3.51	3.15	3.42	3.22	2.91	0.17	0.19	0.17	25.78
GeneralTrueTrue3_NormxNorm	3256.24	4654.8	4022.91	4286.76	4345.78	4199.77	4205.34	3997.46	4145.86	3543.37	4022.79	3264.66	3154.6	3152.33	2557.33
timeGeneralTrueTrue3_NormxNorm	0.21	0.26	0.43	4.61	4.57	4.79	4.72	4.73	4.41	3.29	3.06	0.27	0.21	0.19	26.11

General_NormxNorm91571465	8233.37	8403.5	8230.11	8401.96	8747.92	8663.1	8640.87	8588.26	8576.21	7968.79	8335.1	8396.16	8595.35	8461.22	8460.5	6452.41
timeGeneral_NormxNorm91571465	0.18	0.21	0.34	3.38	3.17	3.62	3.43	3.87	3.57	2.79	3.25	3.39	0.16	0.15	0.15	25.92

General_NormxNorm91571465	8233.37	8403.5	8230.11	8401.96	8747.92	8663.1	8640.87	8588.26	8576.21	7968.79	8335.1	8396.16	8595.35	8461.22	8460.5	6458.55
timeGeneral_NormxNorm91571465	0.19	0.25	0.42	3.69	3.61	3.81	3.92	4.37	4.09	3.2	3.0	3.34	0.19	0.2	0.22	25.62
General_NormxNorm75209853	8233.37	8403.5	8230.11	8393.54	8728.86	8646.87	8639.99	8581.88	8578.05	7959.79	8323.31	8400.67	8595.35	8461.22	8460.5	6466.74
timeGeneral_NormxNorm75209853	0.19	0.25	0.42	3.33	3.16	3.4	3.36	3.68	3.54	2.85	2.96	3.3	0.19	0.2	0.22	25.64
General_NormxNorm89128932	8233.37	8403.5	8230.11	8392.56	8736.27	8663.5	8640.15	8569.18	8595.31	7960.49	8279.26	8415.32	8595.35	8461.22	8460.5	6490.56
timeGeneral_NormxNorm89128932	0.19	0.25	0.42	3.32	3.22	3.45	3.55	4.25	3.82	2.63	2.98	3.12	0.19	0.2	0.22	25.76
General_NormxNorm37143872	8233.37	8403.5	8230.11	8378.39	8733.86	8662.69	8650.9	8589.36	8613.96	7955.95	8312.1	8403.89	8595.35	8461.22	8460.5	6481.33
timeGeneral_NormxNorm37143872	0.19	0.25	0.42	3.37	3.56	3.67	3.51	3.74	3.84	3.03	3.28	3.64	0.19	0.2	0.22	26.32
General_NormxNorm23686513	8233.37	8403.5	8230.11	8383.5	8745.54	8629.85	8674.08	8583.49	8561.31	7929.83	8324.08	8400.9	8595.35	8461.22	8460.5	6476.15
timeGeneral_NormxNorm23686513	0.19	0.25	0.42	3.76	3.68	3.99	4.22	4.44	3.7	3.08	3.0	3.44	0.19	0.2	0.22	26.05


GeneralTrueFalse2_NormxNorm91571465	1432.38	2322.2	2173.76	2660.43	2524.45	2488.35	2507.36	2257.89	2416.1	2063.48	2187.34	2259.56	1413.87	1359.27	1362.94	722.05
timeGeneralTrueFalse2_NormxNorm91571465	0.13	0.15	0.33	3.98	5.99	6.58	6.34	5.39	6.31	3.05	3.55	3.71	0.16	0.16	0.16	25.49
GeneralFalseTrue2_NormxNorm91571465	7651.79	7869.18	7712.99	7736.84	8058.32	7940.31	7971.82	7750.36	7957.28	6729.91	7764.82	7641.57	7832.23	7727.63	7729.42	6118.27
timeGeneralFalseTrue2_NormxNorm91571465	0.19	0.24	0.36	3.48	3.55	3.86	3.86	4.07	3.78	3.78	3.23	4.12	0.18	0.18	0.17	25.61
GeneralTrueTrue2_NormxNorm91571465	911.07	2915.93	2046.76	2627.81	2486.79	2538.78	2471.93	2428.37	2524.03	1774.67	2236.69	2369.82	914.64	862.75	862.09	998.27
timeGeneralTrueTrue2_NormxNorm91571465	0.2	0.21	0.37	3.48	4.54	5.05	5.02	2.9	4.54	3.25	3.37	3.21	0.21	0.2	0.2	25.72
GeneralTrueFalse3_NormxNorm91571465	3801.88	4269.51	4271.75	4379.26	4428.5	4381.28	4369.11	4143.88	4363.09	3942.41	4084.61	4258.88	3808.31	3771.55	3764.3	2385.29
timeGeneralTrueFalse3_NormxNorm91571465	0.19	0.21	0.39	3.47	4.67	5.16	5.1	2.58	5.13	3.37	3.55	3.42	0.21	0.2	0.2	26.49
GeneralFalseTrue3_NormxNorm91571465	7873.79	8107.67	7899.1	8043.46	8172.71	8133.99	8163.12	7972.22	8208.35	7322.87	8002.59	7945.02	8005.45	7898.27	7885.21	6437.12
timeGeneralFalseTrue3_NormxNorm91571465	0.21	0.27	0.44	3.41	4.27	6.66	8.63	7.3	7.97	3.82	3.11	3.45	0.19	0.19	0.19	25.87
GeneralTrueTrue3_NormxNorm91571465	3256.24	4654.8	4022.91	4275.68	4292.22	4229.91	4185.41	3976.21	4236.07	3567.21	3991.48	4110.25	3264.66	3154.6	3152.33	2504.67
timeGeneralTrueTrue3_NormxNorm91571465	0.21	0.24	0.35	3.81	3.78	4.12	4.39	4.02	3.67	3.39	3.12	3.4	0.19	0.22	0.21	25.56




RoutesSize0.5_NormxNorm91571465	-111571.08	-18.69	-89576.21	-22046.47	-21977.58	-21972.38	-21980.92	-22363.53	-22029.16	-22274.33	-22047.24	-22152.5	-111690.14	-111687.03	-111686.72	-22371.56
timeRoutesSize0.5_NormxNorm91571465	0.18	0.17	0.41	2.68	3.1	3.06	3.1	2.52	3.14	2.65	2.64	2.61	0.18	0.18	0.2	22.42
RoutesSize1.5_NormxNorm91571465	8573.12	8745.94	8592.4	8701.89	8767.59	9031.19	9022.44	8781.8	9000.36	8209.87	8676.64	8591.56	8745.43	8912.18	8927.7	7602.62
timeRoutesSize1.5_NormxNorm91571465	0.17	0.26	0.34	3.84	3.89	4.02	4.08	4.76	4.35	3.64	3.58	3.81	0.16	0.16	0.17	27.0
RoutesSize0.5_NormxNorm91571465	-111571.08	-18.69	-89576.21	-22046.47	-21977.58	-21972.38	-21980.92	-22363.53	-22029.16	-22274.33	-22047.24	-22152.5	-111690.14	-111687.03	-111686.72	-22281.27
timeRoutesSize0.5_NormxNorm91571465	0.14	0.13	0.33	1.97	2.17	2.14	2.14	1.84	2.15	1.93	1.92	1.87	0.14	0.14	0.14	19.1
RoutesSize1_NormxNorm91571465	8233.37	8403.5	8230.11	8397.64	8744.47	8662.18	8641.07	8589.89	8576.15	7965.18	8338.17	8393.53	8595.35	8461.22	8460.5	6482.95
timeRoutesSize1_NormxNorm91571465	0.12	0.17	0.27	2.47	2.4	2.55	2.55	2.73	2.57	2.19	2.26	2.43	0.12	0.12	0.12	23.24
RoutesSize1.5_NormxNorm91571465	8573.12	8745.94	8592.4	8701.89	8767.59	9031.19	9022.44	8781.8	9000.36	8209.87	8676.64	8591.56	8745.43	8912.18	8927.7	7641.98
timeRoutesSize1.5_NormxNorm91571465	0.12	0.16	0.24	2.41	2.57	2.58	2.6	2.77	2.58	2.25	2.34	2.51	0.13	0.12	0.12	23.09
RoutesSize2_NormxNorm91571465	8971.32	9008.89	8922.15	8973.08	8965.18	9203.1	9213.32	8879.07	9198.54	8437.1	8843.01	8702.77	8827.58	9116.61	9137.27	8511.61
timeRoutesSize2_NormxNorm91571465	0.11	0.15	0.24	2.06	2.45	2.5	2.52	2.75	2.5	2.2	2.28	2.46	0.12	0.12	0.12	22.98
RoutesSize4_NormxNorm91571465	8984.12	9021.4	8933.86	8989.78	8965.18	9216.44	9216.81	8879.07	9169.75	8437.1	8843.81	8702.77	8827.58	9118.24	9132.55	8594.64
timeRoutesSize4_NormxNorm91571465	0.11	0.15	0.22	2.1	2.49	2.46	2.51	2.65	2.48	2.23	2.29	2.59	0.12	0.12	0.12	23.11

GeneralEXACTSPLITTrue_NormxNorm91571465	8221.97	8470.49	8271.79	8391.79	8606.31	8511.22	8509.37	8506.8	8471.95	7919.28	8361.83	8328.94	8523.9	8347.25	8355.63	6497.21
timeGeneralEXACTSPLITTrue_NormxNorm91571465	2.42	1.9	1.65	3.53	3.6	4.18	4.23	3.65	4.29	3.69	4.25	3.34	1.7	2.35	2.39	68.36

RoutesSize0.5_NormxNorm91571465	-111571.08	-18.69	-89576.21	-22046.47	-21977.58	-21972.38	-21980.92	-22363.53	-22029.16	-22274.33	-22047.24	-22152.5	-111690.14	-111687.03	-111686.72	-22279.9
timeRoutesSize0.5_NormxNorm91571465	0.12	0.12	0.27	1.86	2.02	2.03	2.03	1.75	2.02	1.84	1.82	1.79	0.12	0.12	0.12	18.97
RoutesSize1_NormxNorm91571465	8233.37	8403.5	8230.11	8397.64	8744.47	8662.18	8641.07	8589.89	8576.15	7965.18	8338.17	8393.53	8595.35	8461.22	8460.5	6478.18
timeRoutesSize1_NormxNorm91571465	0.09	0.14	0.22	2.27	2.21	2.3	2.31	2.43	2.38	2.06	2.12	2.25	0.1	0.09	0.09	22.74
RoutesSize1.5_NormxNorm91571465	8573.12	8745.94	8592.4	8701.89	8767.59	9031.19	9022.44	8781.8	9000.36	8209.87	8676.64	8591.56	8745.43	8912.18	8927.7	7643.3
timeRoutesSize1.5_NormxNorm91571465	0.1	0.14	0.21	2.22	2.35	2.38	2.37	2.53	2.37	2.08	2.17	2.33	0.11	0.1	0.1	22.77
RoutesSize2_NormxNorm91571465	8971.32	9008.89	8922.15	8973.08	8965.18	9203.1	9213.32	8879.07	9198.54	8437.1	8843.01	8702.77	8827.58	9116.61	9137.27	8512.29
timeRoutesSize2_NormxNorm91571465	0.1	0.13	0.21	2.0	2.36	2.39	2.4	2.53	2.36	2.22	2.16	2.33	0.11	0.11	0.1	22.84
RoutesSize4_NormxNorm91571465	8984.12	9021.4	8933.86	8989.78	8965.18	9216.44	9216.81	8879.07	9169.75	8437.1	8843.81	8702.77	8827.58	9118.24	9132.55	8595.2
timeRoutesSize4_NormxNorm91571465	0.1	0.13	0.21	2.0	2.37	2.38	2.37	2.51	2.33	2.11	2.16	2.31	0.11	0.1	0.1	22.8


stdPrice0_NormxNorm91571465	7659.2	7735.75	7577.79	7662.84	7994.15	7910.34	7934.84	7960.33	7626.42	6978.31	7624.73	7671.21	8006.12	7912.55	7913.54	0
timestdPrice0_NormxNorm91571465	0.09	0.14	0.21	2.14	2.04	2.15	2.14	2.33	2.41	2.05	2.2	2.31	0.08	0.08	0.08	0
stdPrice0.2_NormxNorm91571465	9962.75	10293.02	10237.79	10295.15	10464.89	10472.23	10462.08	10203.09	10386.15	9800.18	10182.03	10252.3	10133.71	10064.29	10064.25	0
timestdPrice0.2_NormxNorm91571465	0.09	0.12	0.2	1.98	2.16	2.15	2.16	2.25	2.14	1.92	1.93	2.05	0.09	0.09	0.09	0

stdQuiantity0_NormxNorm91571465	8128.31	8355.92	8191.73	8338.87	8695.11	8545.35	8576.17	8515.74	8552.97	7873.87	8268.0	8357.51	8569.38	8425.82	8463.21	0
timestdQuiantity0_NormxNorm91571465	0.09	0.13	0.21	2.1	2.06	2.14	2.13	2.24	2.19	1.94	1.99	2.1	0.08	0.08	0.09	0
stdQuiantity0.2_NormxNorm91571465	7974.8	8266.12	8080.49	8181.25	8450.42	8393.92	8429.16	8359.7	8341.76	7694.09	8119.69	8220.55	8293.25	8190.02	8191.58	0
timestdQuiantity0.2_NormxNorm91571465	0.09	0.13	0.21	2.15	2.18	2.21	2.21	2.33	2.27	1.96	2.02	2.16	0.09	0.09	0.09	0

stdDemand0_NormxNorm91571465	8183.95	8398.18	8247.53	8367.56	8660.34	8559.35	8545.08	8584.67	8594.36	7900.77	8311.95	8325.87	8500.31	8353.2	8351.05	0
timestdDemand0_NormxNorm91571465	0.09	0.13	0.21	2.06	2.01	2.12	2.1	2.21	2.15	1.93	1.98	2.07	0.09	0.09	0.09	0
stdDemand0.2_NormxNorm91571465	7930.06	8223.99	8002.87	8136.09	8380.33	8391.5	8363.9	8275.11	8284.64	7665.49	8069.4	8167.15	8261.83	8154.98	8163.22	0
timestdDemand0.2_NormxNorm91571465	0.09	0.13	0.2	2.17	2.18	2.26	2.22	2.32	2.25	1.95	2.01	2.14	0.09	0.09	0.09	0

correlatedPricesTrue0_NormxNorm91571465	4965.36	5204.8	4935.21	5023.39	5164.42	5431.49	5360.55	5327.15	5121.04	4847.52	5092.82	4897.25	5373.12	5355.98	5330.8	0
timecorrelatedPricesTrue0_NormxNorm91571465	0.1	0.19	0.29	3.71	7.26	6.45	6.2	2.8	5.34	2.8	2.87	3.14	0.12	0.11	0.11	0
correlatedPricesTrue0.2_NormxNorm91571465	8270.81	8431.09	8299.88	8484.48	8675.65	8643.16	8677.67	8547.94	8634.89	7677.38	8426.53	8403.35	8544.47	8513.0	8518.53	0
timecorrelatedPricesTrue0.2_NormxNorm91571465	0.09	0.13	0.23	2.05	2.74	2.77	2.76	1.89	2.66	2.17	2.07	2.1	0.09	0.09	0.09	0
correlatedPricesTrue0.1_NormxNorm91571465	5970.57	6132.8	5859.47	6002.82	5909.51	6181.1	6175.03	6072.08	6126.77	5346.19	6033.21	5727.39	6003.06	6313.01	6311.37	0
timecorrelatedPricesTrue0.1_NormxNorm91571465	0.1	0.17	0.28	2.74	4.46	5.56	5.36	2.23	4.4	2.85	2.64	2.74	0.11	0.11	0.11	0

correlatedQuiantityTrue0_NormxNorm91571465	6689.47	6937.42	6783.24	6927.42	7232.97	7167.54	7189.21	7127.72	7081.65	6064.98	6948.42	6868.76	7239.4	7097.82	7123.36	0
timecorrelatedQuiantityTrue0_NormxNorm91571465	0.09	0.14	0.24	2.41	2.53	2.66	2.65	2.78	2.9	2.44	2.27	2.62	0.09	0.09	0.09	0
correlatedQuiantityTrue0.2_NormxNorm91571465	6513.46	6884.12	6677.89	6784.34	6996.09	6984.89	6962.53	6902.52	6926.1	5931.22	6755.69	6675.08	6863.79	6835.34	6822.22	0
timecorrelatedQuiantityTrue0.2_NormxNorm91571465	0.1	0.15	0.24	2.48	2.64	2.74	2.76	2.87	2.83	2.46	2.25	2.73	0.1	0.1	0.1	0
correlatedQuiantityTrue0.1_NormxNorm91571465	6643.1	6920.02	6743.63	6910.1	7200.4	7110.59	7146.62	7046.21	7095.57	5996.94	6868.25	6805.42	7088.84	6975.58	7026.29	0
timecorrelatedQuiantityTrue0.1_NormxNorm91571465	0.11	0.16	0.24	2.5	2.6	2.8	2.84	2.96	2.95	2.59	2.36	2.78	0.11	0.1	0.11	0

GeneralEXACTSPLITTrue_NormxNorm91571465	8221.97	8470.49	8271.79	8391.79	8606.31	8511.22	8509.37	8506.8	8471.95	7919.28	8361.83	8328.94	8523.9	8347.25	8355.63	0
timeGeneralEXACTSPLITTrue_NormxNorm91571465	2.4	1.94	1.74	3.65	3.69	4.16	4.17	3.56	4.33	3.69	4.22	3.3	1.7	2.48	2.45	0

RoutesSize0.5_NormxNorm91571465	-111571.08	-18.69	-89576.21	-22046.47	-21977.58	-21972.38	-21980.92	-22363.53	-22029.16	-22274.33	-22047.24	-22152.5	-111690.14	-111687.03	-111686.72	-22281.72
timeRoutesSize0.5_NormxNorm91571465	0.15	0.13	0.31	1.94	2.12	2.13	2.15	1.85	2.18	1.97	1.98	1.92	0.15	0.15	0.16	18.93

RoutesSize0.5_NormxNorm91571465	-111571.08	-18.69	-89576.21	-22046.47	-21977.58	-21972.38	-21980.92	-22363.53	-22029.16	-22274.33	-22047.24	-22152.5	-111690.14	-111687.03	-111686.72	-22294.47
timeRoutesSize0.5_NormxNorm91571465	0.15	0.13	0.31	1.88	2.04	2.08	2.12	1.77	2.07	1.84	1.83	1.79	0.15	0.15	0.15	18.47
RoutesSize1_NormxNorm91571465	8233.37	8403.5	8230.11	8397.64	8744.47	8662.18	8641.07	8589.89	8576.15	7965.18	8338.17	8393.53	8595.35	8461.22	8460.5	6499.74
timeRoutesSize1_NormxNorm91571465	0.12	0.17	0.26	2.42	2.36	2.47	2.46	2.61	2.52	2.13	2.21	2.39	0.12	0.12	0.12	22.47
RoutesSize1.5_NormxNorm91571465	8573.12	8745.94	8592.4	8701.89	8767.59	9031.19	9022.44	8781.8	9000.36	8209.87	8676.64	8591.56	8745.43	8912.18	8927.7	7603.82
timeRoutesSize1.5_NormxNorm91571465	0.12	0.17	0.24	2.47	2.73	2.64	2.69	3.04	2.75	2.4	2.42	2.7	0.13	0.13	0.12	22.64
RoutesSize2_NormxNorm91571465	8971.32	9008.89	8922.15	8973.08	8965.18	9203.1	9213.32	8879.07	9198.54	8437.1	8843.01	8702.77	8827.58	9116.61	9137.27	8511.59
timeRoutesSize2_NormxNorm91571465	0.11	0.16	0.27	2.19	2.65	2.64	2.65	2.84	2.56	2.25	2.32	2.58	0.12	0.12	0.12	22.67
RoutesSize4_NormxNorm91571465	8984.12	9021.4	8933.86	8989.78	8965.18	9216.44	9216.81	8879.07	9169.75	8437.1	8843.81	8702.77	8827.58	9118.24	9132.55	8597.03
timeRoutesSize4_NormxNorm91571465	0.11	0.15	0.22	2.09	2.57	2.67	2.64	2.91	2.7	2.39	2.44	2.67	0.12	0.12	0.12	22.59